SLAdataPert1,SLAdataPert1_5,SLAdataRate6_30,SLAdataSSL30,SLAfitPert1,SLAfitPert1_5,SLAfitRate6_30,SLAfitSSL30,SLAstridesToAVGpert,SPdataPert1,SPdataPert1_5,SPdataRate6_30,SPdataSSL30,SPfitPert1,SPfitPert1_5,SPfitRate6_30,SPfitSSL30,SPstridesToAVGpert,STdataPert1,STdataPert1_5,STdataRate6_30,STdataSSL30,STfitPert1,STfitPert1_5,STfitRate6_30,STfitSSL30,STstridesToAVGpert,group,subject,condition,ID
0.170374580461786,0.141043595318746,0.0761148519021022,0.024425802606888,0.170374580461786,0.141043595318746,0.0761148519021022,0.024425802606888,-1,0.145494768497392,0.104328328329831,0.0526179005925652,0.0142056141621087,0.145494768497392,0.104328328329831,0.0526179005925652,0.0142056141621087,-1,0.123382033499768,0.0948338105516044,-0.0119087004518725,0.022124766366022,0.123382033499768,0.0948338105516044,-0.0119087004518725,0.022124766366022,-1,1,I1,A2-A1,33
0.12287616444502,0.109478297910788,0.0786225028179763,0.0313503700692368,0.12287616444502,0.109478297910788,0.0786225028179763,0.0313503700692368,-5,0.0866819222795623,0.108672571652985,0.044053324937193,0.00364866753491797,0.0866819222795623,0.108672571652985,0.044053324937193,0.00364866753491797,-5,-0.0124211543612286,-0.0316008176669596,0.0244192146487697,0.0232048286149505,-0.0124211543612286,-0.0316008176669596,0.0244192146487697,0.0232048286149505,-5,1,I2,A2-A1,34
0.148998293479157,0.19079952582504,0.169322021438869,0.0219480345153618,0.148998293479157,0.19079952582504,0.169322021438869,0.0219480345153618,-2,0.107236443004899,0.135519102315717,0.154523309385593,0.0294855091425965,0.107236443004899,0.135519102315717,0.154523309385593,0.0294855091425965,-2,0.086326411702162,0.0642255031906537,0.00587153864102496,-0.00651835226771839,0.086326411702162,0.0642255031906537,0.00587153864102496,-0.00651835226771839,-2,1,I3,A2-A1,35
-0.0887447817744184,0.00344003770088852,0.0620147226817086,0.000397690328025816,-0.0887447817744184,0.00344003770088852,0.0620147226817086,0.000397690328025816,2,-0.099310380779053,-0.0337400578082156,0.00864909990065259,-0.0270210524513176,-0.099310380779053,-0.0337400578082156,0.00864909990065259,-0.0270210524513176,2,0.106217009051635,0.062806640379398,0.0205253567808544,0.0204122243707506,0.106217009051635,0.062806640379398,0.0205253567808544,0.0204122243707506,2,1,I4,A2-A1,36
0.182949815189078,0.181173285164454,0.141976994228712,0.0358099726469465,0.182949815189078,0.181173285164454,0.141976994228712,0.0358099726469465,56,0.0706448336502241,0.0829868102974346,0.106003856509679,0.00649910471535117,0.0706448336502241,0.0829868102974346,0.106003856509679,0.00649910471535117,56,0.114031114933588,0.112463503175476,0.0188143639064662,0.0138977304009402,0.114031114933588,0.112463503175476,0.0188143639064662,0.0138977304009402,56,1,I5,A2-A1,37
0.416338703983104,0.383083595613775,0.295581506231478,0.0445965547352494,0.416338703983104,0.383083595613775,0.295581506231478,0.0445965547352494,45,0.346265644291066,0.344803456519911,0.247184327167625,0.00570568009832116,0.346265644291066,0.344803456519911,0.247184327167625,0.00570568009832116,45,0.0356857354476731,0.0267836581742755,0.0155764732906848,0.0344153415411824,0.0356857354476731,0.0267836581742755,0.0155764732906848,0.0344153415411824,45,1,I6,A2-A1,38
0.0494914346450273,0.0274631624969648,0.0148172683498417,0.0323063209274752,0.0494914346450273,0.0274631624969648,0.0148172683498417,0.0323063209274752,23,0.321248624890831,0.0970083248706471,-0.039255739544682,-0.000807760549241573,0.321248624890831,0.0970083248706471,-0.039255739544682,-0.000807760549241573,23,0.376059515140278,0.329665198551576,0.188607737445686,0.0221473953848896,0.376059515140278,0.329665198551576,0.188607737445686,0.0221473953848896,23,1,I7,A2-A1,39
0.0742953381591413,0.118147390417988,0.11841938284491,0.00941262229321994,0.0742953381591413,0.118147390417988,0.11841938284491,0.00941262229321994,-5,-0.00531095628003309,0.0301128896391112,0.067141635303499,0.00830908836238582,-0.00531095628003309,0.0301128896391112,0.067141635303499,0.00830908836238582,-5,0.0980675570713978,0.0949444436007431,0.0642096562039479,0.00738998448877556,0.0980675570713978,0.0949444436007431,0.0642096562039479,0.00738998448877556,-5,1,I8,A2-A1,40
0.0901359018008652,0.100156801375621,0.097072510741864,-0.00228163994676308,0.0901359018008652,0.100156801375621,0.097072510741864,-0.00228163994676308,-69,0.0643521194513999,0.0884273913170323,0.0792887841497639,-0.020640404220687,0.0643521194513999,0.0884273913170323,0.0792887841497639,-0.020640404220687,-69,0.000335496005854002,0.000818789332566683,-0.00419542773427189,0.0279006711602227,0.000335496005854002,0.000818789332566683,-0.00419542773427189,0.0279006711602227,-69,2,S1,A2-A1,41
0.300756795538912,0.292506041876367,0.345390813625953,0.00735064796223957,0.300756795538912,0.292506041876367,0.345390813625953,0.00735064796223957,135,0.1889083041082,0.170846264831794,0.240627552533074,-0.00428677473124379,0.1889083041082,0.170846264831794,0.240627552533074,-0.00428677473124379,135,0.126066441021802,0.116862694962179,0.0751039254991026,0.0239588355386583,0.126066441021802,0.116862694962179,0.0751039254991026,0.0239588355386583,135,2,S2,A2-A1,42
0.0811930391817261,0.103572080209174,0.120320272497979,-0.0130790159586717,0.0811930391817261,0.103572080209174,0.120320272497979,-0.0130790159586717,-19,0.0565682799517689,0.0649245131227306,0.0698493596634621,-0.0286785665264059,0.0565682799517689,0.0649245131227306,0.0698493596634621,-0.0286785665264059,-19,0.0596881441267567,0.0591023322981887,0.0362015045285374,0.00455031545504234,0.0596881441267567,0.0591023322981887,0.0362015045285374,0.00455031545504234,-19,2,S3,A2-A1,43
0.335831310767631,0.291497794941666,0.114765405022411,0.0443706736742633,0.335831310767631,0.291497794941666,0.114765405022411,0.0443706736742633,285,0.2957920300101,0.241070883869172,0.0693237327254769,0.0329637374145944,0.2957920300101,0.241070883869172,0.0693237327254769,0.0329637374145944,285,0.0770378315362587,0.0990025941586733,0.0420248624691322,0.00933527965054246,0.0770378315362587,0.0990025941586733,0.0420248624691322,0.00933527965054246,285,2,S4,A2-A1,44
0.204061479679562,0.206479327686925,0.1180020787715,0.0200909607040785,0.204061479679562,0.206479327686925,0.1180020787715,0.0200909607040785,-4,0.124764074485234,0.143705828734601,0.0745780800586437,0.00777144222704017,0.124764074485234,0.143705828734601,0.0745780800586437,0.00777144222704017,-4,0.0940208834052364,0.0913455846370978,0.0426195678235488,0.015353784537624,0.0940208834052364,0.0913455846370978,0.0426195678235488,0.015353784537624,-4,2,S5,A2-A1,45
0.181583913486172,0.116971590688201,0.0302871250065653,-0.0103748467771521,0.181583913486172,0.116971590688201,0.0302871250065653,-0.0103748467771521,-2,0.10530045848958,0.0533034330723613,0.0159865680112566,-0.00661305650594789,0.10530045848958,0.0533034330723613,0.0159865680112566,-0.00661305650594789,-2,0.0646263880359607,0.0614557783677917,0.0155933358308671,-0.00121203148482354,0.0646263880359607,0.0614557783677917,0.0155933358308671,-0.00121203148482354,-2,2,S6,A2-A1,46
-0.0151847145654726,-0.0236810280082736,-0.0053128895420002,0.00525296153265507,-0.0151847145654726,-0.0236810280082736,-0.0053128895420002,0.00525296153265507,0,-0.00262575724641539,-0.0225755177507334,-0.00588245983971686,-0.0161152140433207,-0.00262575724641539,-0.0225755177507334,-0.00588245983971686,-0.0161152140433207,0,-0.00316015529416674,-0.0103516744129773,-0.0141801686905135,0.0279357159480365,-0.00316015529416674,-0.0103516744129773,-0.0141801686905135,0.0279357159480365,0,2,S7,A2-A1,47
0.111616968935019,0.15224504666297,0.139738423890816,0.0353709624970196,0.111616968935019,0.15224504666297,0.139738423890816,0.0353709624970196,-8,0.0705646889427406,0.0725970147901504,0.0232312480409092,-0.00419147421337551,0.0705646889427406,0.0725970147901504,0.0232312480409092,-0.00419147421337551,-8,0.107395961400476,0.164703292150269,0.158174687802311,0.0505482720469715,0.107395961400476,0.164703292150269,0.158174687802311,0.0505482720469715,-8,2,S8,A2-A1,48
,,,,,,,,,,,,,,,,,,,,,,,,,,,,,,
,,,,,,,,,,,,,,,,,,,,,,,,,,,,,,
,,,,,,,,,,,,,,,,,,,,,,,,,,,,,,
,,,,,,,,,,,,,,,,,,,,,,,,,,,,,,
,,,,,,,,,,,,,,,,,,,,,,,,,,,,,,
,,,,,,,,,,,,,,,,,,,,,,,,,,,,,,
,,,,,,,,,,,,,,,,,,,,,,,,,,,,,,
,,,,,,,,,,,,,,,,,,,,,,,,,,,,,,
,,,,,,,,,,,,,,,,,,,,,,,,,,,,,,
,,,,,,,,,,,,,,,,,,,,,,,,,,,,,,
,,,,,,,,,,,,,,,,,,,,,,,,,,,,,,
,,,,,,,,,,,,,,,,,,,,,,,,,,,,,,
,,,,,,,,,,,,,,,,,,,,,,,,,,,,,,
,,,,,,,,,,,,,,,,,,,,,,,,,,,,,,
,,,,,,,,,,,,,,,,,,,,,,,,,,,,,,
,,,,,,,,,,,,,,,,,,,,,,,,,,,,,,
